152
183 36 663 615 714 933 954 490 178 579 
667 968 808 581 211 702 992 733 392 453 741 
745 488 218 52 800 442 804 715 311 893 
924 155 224 130 278 712 786 524 878 234 
725 638 72 997 87 766 677 921 587 379 
544 612 69 585 120 521 423 863 
836 511 335 109 698 372 872 434 98 
590 856 758 337 496 457 748 617 676 469 
694 573 985 305 30 410 243 405 340 
473 926 884 402 466 952 446 847 892 877 
77 577 533 329 394 424 491 911 97 919 862 
981 774 456 963 112 29 657 554 552 
125 40 441 902 543 945 910 886 174 522 161 71 
796 660 3 855 978 134 409 176 
417 359 726 167 84 370 430 724 874 
306 801 679 382 596 594 399 765 
478 294 231 1 620 512 202 547 647 
815 388 32 63 319 803 165 659 762 
964 658 656 914 553 739 387 
904 561 70 734 776 157 85 220 330 881 
238 116 813 66 181 720 905 666 
941 623 228 704 175 843 832 128 668 
272 760 621 597 168 857 510 376 
362 308 840 586 906 18 341 431 185 
504 755 599 287 626 897 43 
819 545 246 999 562 708 428 484 975 454 82 156 
371 778 291 39 46 689 391 
520 148 986 472 89 688 865 713 
854 249 463 381 389 513 805 
783 365 640 976 625 993 864 187 
563 411 928 94 754 802 171 
293 542 655 107 458 807 117 239 684 568 
771 772 435 629 591 566 583 248 860 283 
336 321 312 395 560 159 284 
99 250 508 254 151 229 696 746 447 
380 285 643 460 172 113 448 367 
943 44 4 356 823 96 422 160 606 
38 940 534 950 206 735 56 
611 122 532 509 196 641 871 
652 316 415 502 830 416 500 
57 648 949 262 501 624 653 503 
633 604 129 298 781 227 728 186 374 
258 197 984 799 429 601 
931 173 212 780 300 163 858 361 839 
705 977 390 938 818 27 703 383 53 
451 605 106 158 537 124 816 731 812 
282 792 859 644 355 140 
578 969 738 575 180 302 790 19 
386 901 529 582 479 437 204 37 827 609 994 
81 613 289 556 757 916 753 
487 255 861 829 523 831 270 608 
849 368 131 956 661 946 
404 899 11 276 263 207 637 848 
322 627 352 736 61 744 189 680 811 
194 309 357 686 983 756 230 917 42 
208 922 34 912 934 349 690 701 
965 476 962 990 342 685 650 
890 149 345 974 944 401 538 
425 788 6 980 245 636 123 747 
867 779 784 235 749 672 642 83 
268 896 426 201 517 347 
616 481 313 244 328 344 569 895 662 
951 785 210 574 118 555 558 217 221 
137 960 482 809 67 549 
719 299 144 449 707 195 135 693 525 
267 837 810 721 253 942 885 550 791 
764 373 692 908 468 961 507 146 
909 879 678 876 763 630 80 750 310 
602 76 631 467 483 414 889 691 
351 937 407 821 850 433 567 
535 303 226 332 789 403 866 669 375 614 
127 92 682 462 635 452 674 
115 982 242 179 450 15 826 
486 103 571 413 275 75 845 
200 761 256 971 59 
987 421 683 634 907 236 264 
111 35 825 932 868 787 835 540 
346 17 91 216 408 62 
506 681 948 492 489 887 237 436 
324 600 74 360 869 297 
50 190 842 406 301 215 903 
498 743 28 252 86 
385 565 930 145 88 110 232 
364 191 5 398 1000 514 
152 108 470 182 203 730 814 
164 528 494 7 397 833 
33 820 497 48 935 418 
973 775 219 240 105 
323 846 822 459 603 
209 102 958 464 358 
570 317 882 350 400 378 412 
767 957 806 645 769 205 290 
475 54 531 100 700 58 
104 166 947 199 439 21 717 883 
8 564 95 777 114 338 
675 709 834 557 927 274 695 
393 170 671 936 851 817 
333 184 139 93 607 288 
136 536 121 271 465 
988 257 320 795 65 
363 213 440 526 673 
955 722 718 326 384 432 706 
45 797 188 68 304 480 233 
723 711 970 664 16 
654 967 729 269 518 
742 79 752 315 225 
551 853 900 241 169 
798 419 334 292 73 
353 13 918 519 699 
546 10 495 588 873 576 
331 49 9 444 
998 438 277 888 915 732 
959 20 260 485 
343 90 119 880 150 153 
369 259 740 477 697 929 
339 51 584 60 223 280 
461 759 396 101 
782 443 580 427 
143 966 991 894 
710 279 162 307 273 55 
870 852 898 979 266 
920 222 47 773 
639 193 619 768 
972 22 794 281 
133 841 354 939 147 
618 649 770 24 
132 996 31 646 41 
214 727 539 995 
572 527 325 
261 844 530 138 
251 474 142 516 
154 14 632 366 12 
593 595 891 
318 314 141 
177 499 670 989 
505 559 828 
78 455 592 628 
515 420 327 348 
610 198 64 589 
651 913 716 875 
737 953 493 
925 471 2 
541 247 
377 622 26 665 
286 824 838 
25 23 
687 598 296 
295 793 
751 923 548 
126 445 
192 
265 

